# Created by Octave 4.2.2, Sun May 20 16:46:14 2018 -03 <sebastian@Leena>
# name: A
# type: matrix
# rows: 10
# columns: 5
 99 139 230 69 211
 77 211 115 12 172
 146 105 184 129 26
 104 30 68 122 212
 88 71 237 22 121
 162 16 252 98 163
 152 4 38 163 199
 128 157 227 203 191
 96 145 187 148 23
 158 229 24 112 94


# name: D
# type: diagonal matrix
# rows: 5
# columns: 5
7994.408118549098
7586.186769962873
4807.863680120515
2814.778339152708
587.085314437031


# name: Mx
# type: matrix
# rows: 5
# columns: 5
 1012 -649.2222222222222 -576.1111111111111 1035 -229.4444444444445
 -649.2222222222222 6294.455555555556 -673.0444444444443 -805.0666666666668 -1639.377777777778
 -576.1111111111111 -673.0444444444443 7645.733333333333 -728.0666666666666 -646.1555555555559
 1035 -805.0666666666668 -728.0666666666666 3615.066666666666 -288.2888888888888
 -229.4444444444445 -1639.377777777778 -646.1555555555559 -288.2888888888888 5223.066666666668


# name: V
# type: matrix
# rows: 5
# columns: 5
 0.07683513821646233 0.0949412600885335 0.2634138055188462 0.1064203798406789 -0.9509839054814254
 0.2127151938720586 -0.8029016090368823 -0.3094300024582962 0.4524837248076309 -0.09804491248825377
 -0.9616891756518852 -0.1018201185010737 -0.01735567493789572 0.2454246488992949 -0.06520824459017721
 0.1337938594147215 0.165865805153503 0.6119455509076452 0.7097669325119761 0.2762992618531091
 0.07811363804189696 0.5553884779935524 -0.6782976219275184 0.4689678291354066 -0.07364380073951783


# name: Vt
# type: matrix
# rows: 5
# columns: 5
 0.07683513821646233 0.2127151938720586 -0.9616891756518852 0.1337938594147215 0.07811363804189696
 0.0949412600885335 -0.8029016090368823 -0.1018201185010737 0.165865805153503 0.5553884779935524
 0.2634138055188462 -0.3094300024582962 -0.01735567493789572 0.6119455509076452 -0.6782976219275184
 0.1064203798406789 0.4524837248076309 0.2454246488992949 0.7097669325119761 0.4689678291354066
 -0.9509839054814254 -0.09804491248825377 -0.06520824459017721 0.2762992618531091 -0.07364380073951783


# name: X
# type: matrix
# rows: 10
# columns: 5
 -7.333333333333333 9.433333333333332 24.6 -12.93333333333333 23.26666666666667
 -14.66666666666667 33.43333333333333 -13.73333333333333 -31.93333333333333 10.26666666666667
 8.333333333333334 -1.900000000000001 9.266666666666671 7.066666666666667 -38.4
 -5.666666666666667 -26.9 -29.4 4.733333333333334 23.6
 -11 -13.23333333333333 26.93333333333334 -28.6 -6.73333333333333
 13.66666666666667 -31.56666666666667 31.93333333333334 -3.266666666666666 7.26666666666667
 10.33333333333333 -35.56666666666667 -39.4 18.4 19.26666666666667
 2.333333333333333 15.43333333333333 23.6 31.73333333333333 16.6
 -8.333333333333334 11.43333333333333 10.26666666666667 13.4 -39.4
 12.33333333333333 39.43333333333333 -44.06666666666666 1.400000000000001 -15.73333333333333


# name: ans
# type: matrix
# rows: 10
# columns: 5
 -158.3006658418316 3.00894324962249 -121.8211640451323 277.8046548902229 -119.2477386224429
 -44.75397159411189 -76.29386823085552 -156.3266144722488 221.071939606995 -110.7633279699214
 -124.1074203301888 -53.34135748751005 64.0800590560284 211.9593998105761 -127.4088170563238
 -18.13961164017617 116.8410602833885 -52.20978883346694 227.3438529159789 -88.18180998754639
 -193.6608485913385 -1.93149788798523 -71.51362038242338 172.0169595171021 -108.9344425656167
 -200.6506155477833 83.65855934547409 -17.24332201486564 232.3257681889793 -156.9872007834643
 13.33862616455597 144.9087339550067 2.907560815761428 236.3285772905849 -117.0379832426637
 -132.9924014161668 2.733719515727657 -24.13318044434656 374.0286913793387 -109.8984784693153
 -120.0178945983313 -89.02466034497935 52.14195998996837 237.5526719878666 -78.50642563812555
 60.09878524964435 -100.5239451108973 -24.87870024901209 249.9002569494274 -150.2497398380061


